00010000000000000000001010110111
00000000000100000000010000010011
00000000100000101010000000100011
00000000000100000000010110010011
00000000000000000000011010010011
10000000000000000000011100110111
00000000000100000000011110010011
00000000101100101010001000100011
00000000000011110100011000110111
00100100000001100000011000010011
11111111111101100000011000010011
11111110000001100001111011100011
00000000000001101001100001100011
00000000000101011001010110010011
00000000111001011000101001100011
11111110000111111111000001101111
00000000000101011101010110010011
00000000111101011000100001100011
11111101010111111111000001101111
00000000000100000000011010010011
11111100110111111111000001101111
00000000000000000000011010010011
11111100010111111111000001101111
