01000000000000000000001010110111
00000100010000000000010100010011
00001001100000000000000011101111
00000110111100000000010100010011
00001001000000000000000011101111
00000010000000000000010100010011
00001000100000000000000011101111
00000110000100000000010100010011
00001000000000000000000011101111
00000110111000000000010100010011
00000111100000000000000011101111
00000010000000000000010100010011
00000111000000000000000011101111
00000101001100000000010100010011
00000110100000000000000011101111
00000100111100000000010100010011
00000110000000000000000011101111
00000100001100000000010100010011
00000101100000000000000011101111
00000010000000000000010100010011
00000101000000000000000011101111
00000010110100000000010100010011
00000100100000000000000011101111
00000010000000000000010100010011
00000100000000000000000011101111
00000100001100000000010100010011
00000011100000000000000011101111
00000100010100000000010100010011
00000011000000000000000011101111
00000011010000000000010100010011
00000010100000000000000011101111
00000011001100000000010100010011
00000010000000000000000011101111
00000011001100000000010100010011
00000001100000000000000011101111
00000000010000101010001100000011
00000000001000110111001110010011
11111110000000111000110011100011
00000000000000101010011000000011
11111111000111111111000001101111
00000000010000101010001100000011
00000000000100110111001100010011
11111110000000110001110011100011
00000000101000101010000000100011
00000000000000001000000001100111
